#************************************************************************************
#*                   Generated by cif2cell 2.1.0 2026-10-07 19:24                   *
#*  T. Bjorkman, Comp. Phys. Commun. 182, 1183-1186 (2011). Please cite generously. *
#*                                                                                  *
#*                              Data obtained from COD                              *
#*                                  H28C15O8   ()                                   *
#*             Failed to get author information, No journal information             *
#************************************************************************************

&CONTROL
  calculation='relax',
  outdir='./Outputs',
  prefix='candidate',
  pseudo_dir='./Pseudopotentials',
  verbosity='low',
  tprnfor=.true.,
  tstress=.true.,
  forc_conv_thr=1.0d-4,
  disk_io='low',
/
&SYSTEM
  ibrav = 0
  A =   28.97220
  nat = 357
  ntyp = 3
  ecutwfc=60,
  ecutrho=600,
  input_dft='pbe',
  vdw_corr='dft-d3',
  assume_isolated='mt',
  occupations='smearing',
  smearing='m-p',
  degauss=0.005d0,
/

&ELECTRONS
  conv_thr=1d-07,
  mixing_beta=0.15d0,
  electron_maxstep=200,
/
&IONS
  ion_dynamics='bfgs',
/
CELL_PARAMETERS {alat}
  1.000000000000000   0.000000000000000   0.000000000000000 
  0.000000000000000   1.007617647261858   0.000000000000000 
  0.000000000000000   0.000000000000000   0.954290664844230 
ATOMIC_SPECIES
   C   12.01060   C.UPF
   O   15.99900   O.UPF
   H    1.00750   H.UPF
ATOMIC_POSITIONS {crystal}
O   0.312389120000000   0.607397690000000   0.621696400000000 
O   0.334658740000000   0.586368600000000   0.534423950000000 
O   0.394450540000000   0.630040180000000   0.497119130000000 
O   0.476008040000000   0.564911330000000   0.521345200000000 
O   0.451432750000000   0.696662540000000   0.567099130000000 
O   0.424520750000000   0.766761780000000   0.458201170000000 
O   0.474278790000000   0.625028690000000   0.639357780000000 
O   0.420554880000000   0.708980610000000   0.716141190000000 
O   0.522977200000000   0.552500780000000   0.589017610000000 
O   0.478807270000000   0.481418430000000   0.545625530000000 
O   0.529269440000000   0.516814020000000   0.665316350000000 
O   0.513150540000000   0.574489000000000   0.738830070000000 
O   0.438064770000000   0.471467380000000   0.662010500000000 
O   0.409999930000000   0.353842890000000   0.685212980000000 
O   0.444336290000000   0.394150630000000   0.560686350000000 
O   0.441278190000000   0.408839140000000   0.434228280000000 
O   0.360511110000000   0.331450460000000   0.531385750000000 
O   0.402575570000000   0.215470200000000   0.567511460000000 
O   0.319064480000000   0.406722180000000   0.465391580000000 
O   0.276023220000000   0.305454410000000   0.402247550000000 
O   0.390684860000000   0.395870230000000   0.378585720000000 
O   0.486224730000000   0.453884330000000   0.379055910000000 
O   0.355495960000000   0.467695910000000   0.325565410000000 
O   0.267884390000000   0.491914130000000   0.337642280000000 
O   0.410938760000000   0.548677930000000   0.351133360000000 
O   0.411805110000000   0.666666666666667   0.388051170000000 
O   0.499395970000000   0.522096130000000   0.337493990000000 
O   0.565624980000000   0.490410340000000   0.409474140000000 
O   0.526946520000000   0.606339210000000   0.362410890000000 
O   0.523733100000000   0.664575980000000   0.244839570000000 
O   0.564903600000000   0.583419260000000   0.472979860000000 
O   0.567513000000000   0.634791340000000   0.585209000000000 
O   0.628164240000000   0.501238310000000   0.468534680000000 
O   0.526135400000000   0.442563090000000   0.449072080000000 
O   0.429021610000000   0.470806260000000   0.494341340000000 
O   0.625420230000000   0.434324780000000   0.586532790000000 
O   0.715361620000000   0.505674320000000   0.638554830000000 
O   0.532079030000000   0.387995030000000   0.596992900000000 
O   0.598242450000000   0.310691980000000   0.526065270000000 
O   0.657095420000000   0.392352250000000   0.412219370000000 
O   0.751758580000000   0.323403980000000   0.364884860000000 
O   0.648652850000000   0.509260810000000   0.320639180000000 
O   0.702421630000000   0.546019750000000   0.262721580000000 
O   0.544280380000000   0.425178720000000   0.302561860000000 
O   0.571499580000000   0.307985850000000   0.331370560000000 
O   0.431703500000000   0.312552020000000   0.407220800000000 
O   0.401895610000000   0.221608680000000   0.331931180000000 
O   0.536983730000000   0.351441620000000   0.509619180000000 
O   0.528979500000000   0.244874610000000   0.555922870000000 
O   0.529110660000000   0.680596990000000   0.452660060000000 
O   0.603243800000000   0.695538980000000   0.369420460000000 
O   0.353338720000000   0.542957360000000   0.462881450000000 
O   0.223949170000000   0.577082100000000   0.475500850000000 
O   0.362185130000000   0.481808930000000   0.592345170000000 
O   0.290357650000000   0.375423480000000   0.612437110000000 
O   0.253646600000000   0.667011500000000   0.691242370000000 
C   0.263397330000000   0.699601620000000   0.612122440000000 
C   0.244824350000000   0.659287020000000   0.640999860000000 
C   0.262924460000000   0.611309600000000   0.624647800000000 
C   0.331141580000000   0.560471900000000   0.613959830000000 
C   0.332225370000000   0.539658620000000   0.553958890000000 
C   0.373188780000000   0.491506500000000   0.519399300000000 
C   0.395769050000000   0.509863700000000   0.557358790000000 
C   0.389428490000000   0.549160930000000   0.505083570000000 
C   0.380116110000000   0.594432210000000   0.525992930000000 
C   0.442144540000000   0.637404990000000   0.504125090000000 
C   0.473688570000000   0.603088420000000   0.486861570000000 
C   0.480795380000000   0.569840610000000   0.572390670000000 
C   0.461942830000000   0.614382260000000   0.591744760000000 
C   0.463658270000000   0.651672150000000   0.552928070000000 
C   0.460220490000000   0.729256090000000   0.528994970000000 
C   0.420537620000000   0.730879770000000   0.492012050000000 
C   0.374227710000000   0.726707520000000   0.517044690000000 
C   0.436411460000000   0.649794980000000   0.659876520000000 
C   0.452143780000000   0.672999260000000   0.705207270000000 
C   0.500535000000000   0.691394140000000   0.697246450000000 
C   0.538740590000000   0.505098840000000   0.583194380000000 
C   0.533369920000000   0.473125310000000   0.522488150000000 
C   0.453486450000000   0.444111410000000   0.574079770000000 
C   0.467958940000000   0.467781550000000   0.623164870000000 
C   0.520105480000000   0.483079790000000   0.630575920000000 
C   0.513937500000000   0.499676290000000   0.709026730000000 
C   0.528941540000000   0.529495190000000   0.748758500000000 
C   0.580836110000000   0.526518430000000   0.749811020000000 
C   0.411591110000000   0.433053930000000   0.665898680000000 
C   0.439158920000000   0.391513000000000   0.678058730000000 
C   0.464072460000000   0.401905940000000   0.723555860000000 
C   0.431441170000000   0.364037150000000   0.509904910000000 
C   0.455861140000000   0.368469730000000   0.456258880000000 
C   0.395140860000000   0.413391610000000   0.425348760000000 
C   0.366692900000000   0.397315790000000   0.469337640000000 
C   0.383764440000000   0.354099800000000   0.493643280000000 
C   0.367020800000000   0.282006930000000   0.529754520000000 
C   0.401405490000000   0.264002550000000   0.566111710000000 
C   0.389345650000000   0.284154710000000   0.615055750000000 
C   0.298589680000000   0.382445730000000   0.426806380000000 
C   0.298296300000000   0.331686810000000   0.438101990000000 
C   0.276251030000000   0.324715940000000   0.487400490000000 
C   0.418031770000000   0.419310860000000   0.341559400000000 
C   0.470209370000000   0.420735860000000   0.346189040000000 
C   0.473992310000000   0.499922930000000   0.374997740000000 
C   0.422056320000000   0.504513080000000   0.368545170000000 
C   0.404152950000000   0.468586540000000   0.331866070000000 
C   0.340567850000000   0.509325900000000   0.304182230000000 
C   0.289984880000000   0.505006350000000   0.293353200000000 
C   0.281569920000000   0.468329630000000   0.255759030000000 
C   0.413782870000000   0.584786030000000   0.384423410000000 
C   0.401146620000000   0.628385670000000   0.359003760000000 
C   0.351167670000000   0.630108690000000   0.343635500000000 
C   0.548663890000000   0.531197650000000   0.343215940000000 
C   0.576269670000000   0.493496710000000   0.361680270000000 
C   0.588636690000000   0.516217980000000   0.442377180000000 
C   0.563792190000000   0.557625310000000   0.431436020000000 
C   0.560509730000000   0.572491940000000   0.375963450000000 
C   0.533873850000000   0.617585100000000   0.313047280000000 
C   0.505270570000000   0.655515550000000   0.291935370000000 
C   0.507697030000000   0.697556600000000   0.323218040000000 
C   0.568317210000000   0.572920130000000   0.522093900000000 
C   0.592202180000000   0.597789190000000   0.563323070000000 
C   0.638039220000000   0.611679550000000   0.546963780000000 
C   0.619324730000000   0.453644550000000   0.486449240000000 
C   0.589012920000000   0.429107760000000   0.445643250000000 
C   0.487456940000000   0.434355610000000   0.501379850000000 
C   0.532810760000000   0.421126370000000   0.559861690000000 
C   0.596582240000000   0.446382510000000   0.547596740000000 
C   0.667802240000000   0.457481100000000   0.590283530000000 
C   0.670014700000000   0.487022530000000   0.635617900000000 
C   0.659939530000000   0.459241800000000   0.681068000000000 
C   0.569024790000000   0.357624630000000   0.605083930000000 
C   0.604448400000000   0.343388290000000   0.565015790000000 
C   0.653688710000000   0.335054070000000   0.574191890000000 
C   0.613788390000000   0.380935090000000   0.435335050000000 
C   0.682098700000000   0.352411030000000   0.400073780000000 
C   0.728895290000000   0.364640030000000   0.378422950000000 
C   0.758993100000000   0.391427370000000   0.413601030000000 
C   0.627056280000000   0.491564730000000   0.360266060000000 
C   0.696695450000000   0.501416440000000   0.332126490000000 
C   0.718260950000000   0.503971860000000   0.283417550000000 
C   0.700040040000000   0.463818260000000   0.253617820000000 
C   0.495392130000000   0.426816110000000   0.298261350000000 
C   0.561521040000000   0.389478260000000   0.332556900000000 
C   0.556999470000000   0.346269130000000   0.304015860000000 
C   0.585823650000000   0.354716390000000   0.258786380000000 
C   0.471168910000000   0.328737470000000   0.427565930000000 
C   0.443062660000000   0.276395970000000   0.376965340000000 
C   0.396148720000000   0.260155720000000   0.361966010000000 
C   0.370351580000000   0.298493810000000   0.336000200000000 
C   0.548370510000000   0.402604740000000   0.501307510000000 
C   0.512425700000000   0.325226340000000   0.542865820000000 
C   0.523902220000000   0.287590480000000   0.578564740000000 
C   0.487256750000000   0.290026000000000   0.617992690000000 
C   0.514296460000000   0.635788150000000   0.465630300000000 
C   0.580042250000000   0.675784180000000   0.450338000000000 
C   0.605804880000000   0.709210120000000   0.418860020000000 
C   0.656739910000000   0.705192020000000   0.432965980000000 
C   0.302876550000000   0.543700690000000   0.465185420000000 
C   0.271836450000000   0.585717760000000   0.484380370000000 
C   0.284158610000000   0.632780570000000   0.464389700000000 
C   0.337941200000000   0.438188740000000   0.579935550000000 
C   0.319834190000000   0.412226950000000   0.623891870000000 
C   0.298406750000000   0.445858410000000   0.658158490000000 
H   0.254823590000000   0.696179550000000   0.573775950000000 
H   0.300757280000000   0.702794170000000   0.616278270000000 
H   0.248324260000000   0.731835480000000   0.625219280000000 
H   0.207095080000000   0.659773440000000   0.637310610000000 
H   0.248438160000000   0.604297620000000   0.589158670000000 
H   0.249842950000000   0.585803400000000   0.650154260000000 
H   0.312392570000000   0.538219910000000   0.638218450000000 
H   0.366019840000000   0.564606460000000   0.628539600000000 
H   0.296594670000000   0.527957140000000   0.551202800000000 
H   0.346093840000000   0.468377580000000   0.510103840000000 
H   0.401260520000000   0.537151160000000   0.582036970000000 
H   0.420137240000000   0.545125700000000   0.484185060000000 
H   0.388586300000000   0.604568230000000   0.561062500000000 
H   0.450203990000000   0.660653790000000   0.475999990000000 
H   0.462885110000000   0.583292510000000   0.456396330000000 
H   0.457566220000000   0.549541160000000   0.591741140000000 
H   0.426967920000000   0.605804840000000   0.599394530000000 
H   0.500227800000000   0.654234420000000   0.546620180000000 
H   0.494249660000000   0.723175840000000   0.512903330000000 
H   0.463320010000000   0.762839590000000   0.545882330000000 
H   0.419422760000000   0.703099040000000   0.467109620000000 
H   0.364597790000000   0.759184600000000   0.533092930000000 
H   0.374034420000000   0.700194230000000   0.545271070000000 
H   0.348282150000000   0.716122760000000   0.490630390000000 
H   0.431952010000000   0.794470570000000   0.475283840000000 
H   0.406534540000000   0.627700570000000   0.666666666666667 
H   0.423764850000000   0.675321740000000   0.634304960000000 
H   0.452174840000000   0.648157600000000   0.734757430000000 
H   0.501332310000000   0.713163130000000   0.664943810000000 
H   0.525265600000000   0.663404460000000   0.691651080000000 
H   0.511711230000000   0.711498340000000   0.728178270000000 
H   0.412388430000000   0.723792430000000   0.685704880000000 
H   0.574719900000000   0.509517730000000   0.592558570000000 
H   0.523225710000000   0.496045270000000   0.494026670000000 
H   0.419101760000000   0.450417740000000   0.568524190000000 
H   0.457759510000000   0.500505260000000   0.612603490000000 
H   0.541943660000000   0.453812400000000   0.641003480000000 
H   0.529562820000000   0.466085930000000   0.713735940000000 
H   0.476946870000000   0.501673350000000   0.708610780000000 
H   0.512294540000000   0.515700740000000   0.781024960000000 
H   0.596247440000000   0.544108330000000   0.718752600000000 
H   0.591894990000000   0.490598740000000   0.748302760000000 
H   0.593493070000000   0.541792700000000   0.782985330000000 
H   0.515356100000000   0.578198810000000   0.703539870000000 
H   0.397950450000000   0.426685940000000   0.630959310000000 
H   0.384506530000000   0.441210020000000   0.691463000000000 
H   0.463723850000000   0.384401690000000   0.649083660000000 
H   0.439676660000000   0.411308910000000   0.751771380000000 
H   0.484768160000000   0.431132230000000   0.717229880000000 
H   0.487336140000000   0.374700700000000   0.733806180000000 
H   0.381776320000000   0.365033960000000   0.700092950000000 
H   0.441485290000000   0.331847810000000   0.523905970000000 
H   0.490818780000000   0.376824500000000   0.456964180000000 
H   0.384841330000000   0.448704990000000   0.423446270000000 
H   0.377896740000000   0.420016510000000   0.496934670000000 
H   0.387088310000000   0.329460250000000   0.465022660000000 
H   0.376467790000000   0.268770830000000   0.493965180000000 
H   0.334009840000000   0.266965600000000   0.538970410000000 
H   0.435496790000000   0.272360750000000   0.552870200000000 
H   0.354063550000000   0.276437080000000   0.625183110000000 
H   0.392683330000000   0.321561060000000   0.613836860000000 
H   0.411425440000000   0.270510980000000   0.643679990000000 
H   0.375428860000000   0.205529430000000   0.585093260000000 
H   0.315547320000000   0.390067450000000   0.392745920000000 
H   0.263618230000000   0.395356410000000   0.422650540000000 
H   0.333333333333333   0.318738460000000   0.437711360000000 
H   0.239529620000000   0.331871790000000   0.486250310000000 
H   0.290202330000000   0.347502300000000   0.515294110000000 
H   0.280914120000000   0.289409410000000   0.498934820000000 
H   0.246287820000000   0.319468090000000   0.396529210000000 
H   0.410224280000000   0.398127630000000   0.310041630000000 
H   0.480405350000000   0.388142320000000   0.360826680000000 
H   0.480132680000000   0.516471470000000   0.409499460000000 
H   0.405578450000000   0.501012230000000   0.403524320000000 
H   0.419301950000000   0.478143660000000   0.297035220000000 
H   0.361263560000000   0.518149960000000   0.272291930000000 
H   0.342921840000000   0.534671100000000   0.332441160000000 
H   0.276841250000000   0.538322670000000   0.281685050000000 
H   0.293888620000000   0.434869440000000   0.268273540000000 
H   0.299103970000000   0.476591910000000   0.221803460000000 
H   0.244565480000000   0.465113090000000   0.249281140000000 
H   0.289846820000000   0.470652110000000   0.352612680000000 
H   0.448906190000000   0.587194150000000   0.396684740000000 
H   0.390840180000000   0.580901520000000   0.414758440000000 
H   0.421980380000000   0.629152980000000   0.326744530000000 
H   0.328280210000000   0.629478400000000   0.374892850000000 
H   0.342214260000000   0.601714800000000   0.319970050000000 
H   0.344768430000000   0.661725970000000   0.323764190000000 
H   0.390073930000000   0.666666666666667   0.414924820000000 
H   0.560564960000000   0.536089250000000   0.306337910000000 
H   0.561496880000000   0.463328410000000   0.349545540000000 
H   0.570270810000000   0.509236830000000   0.472849660000000 
H   0.528223610000000   0.547413930000000   0.430716260000000 
H   0.594815030000000   0.584703810000000   0.366859690000000 
H   0.527422840000000   0.588369090000000   0.289298640000000 
H   0.570067170000000   0.627351170000000   0.310490130000000 
H   0.469922890000000   0.644485470000000   0.286499160000000 
H   0.542589100000000   0.711234580000000   0.321742340000000 
H   0.498395010000000   0.690147260000000   0.360757960000000 
H   0.485320410000000   0.724450120000000   0.309376120000000 
H   0.557154790000000   0.665891360000000   0.248192450000000 
H   0.570647030000000   0.537699240000000   0.527772450000000 
H   0.536828410000000   0.586964640000000   0.532846980000000 
H   0.595001420000000   0.573385990000000   0.592920260000000 
H   0.636658590000000   0.624285360000000   0.509810870000000 
H   0.659100790000000   0.580843290000000   0.547036120000000 
H   0.649902320000000   0.638144890000000   0.571439420000000 
H   0.561990460000000   0.658738940000000   0.561981200000000 
H   0.654254770000000   0.439558930000000   0.488977460000000 
H   0.596382050000000   0.437664640000000   0.409647750000000 
H   0.478569110000000   0.402364960000000   0.504631450000000 
H   0.519888030000000   0.442083520000000   0.583896060000000 
H   0.599063930000000   0.482689280000000   0.549383500000000 
H   0.676980000000000   0.476787160000000   0.557919410000000 
H   0.693951440000000   0.431043160000000   0.593900440000000 
H   0.645532610000000   0.515457530000000   0.633067970000000 
H   0.684107520000000   0.430649230000000   0.684721080000000 
H   0.624912850000000   0.445228120000000   0.681024600000000 
H   0.664450750000000   0.480469570000000   0.713291060000000 
H   0.736861540000000   0.480164700000000   0.641278360000000 
H   0.553685950000000   0.330885250000000   0.626043930000000 
H   0.588540050000000   0.370312640000000   0.634905360000000 
H   0.609691360000000   0.375468010000000   0.549499240000000 
H   0.659656500000000   0.299309080000000   0.582481850000000 
H   0.666666666666667   0.358813270000000   0.600693000000000 
H   0.670718830000000   0.341805710000000   0.539017430000000 
H   0.586741770000000   0.280897070000000   0.536232410000000 
H   0.593503430000000   0.358073370000000   0.412935520000000 
H   0.624132790000000   0.363057460000000   0.467919810000000 
H   0.662189960000000   0.332923420000000   0.373652250000000 
H   0.686637540000000   0.330967460000000   0.432220890000000 
H   0.723966420000000   0.385319720000000   0.345773100000000 
H   0.764950540000000   0.371713670000000   0.446713860000000 
H   0.743302200000000   0.424250420000000   0.423406480000000 
H   0.792904920000000   0.398096800000000   0.397621520000000 
H   0.754264430000000   0.304183550000000   0.393545260000000 
H   0.637193590000000   0.455857420000000   0.364034880000000 
H   0.642212190000000   0.510031550000000   0.390387700000000 
H   0.702718470000000   0.467699340000000   0.349021080000000 
H   0.707305620000000   0.528118140000000   0.357651030000000 
H   0.755672680000000   0.503906770000000   0.286998290000000 
H   0.662214120000000   0.464445120000000   0.250355360000000 
H   0.709245410000000   0.430978080000000   0.270197740000000 
H   0.713639280000000   0.465650890000000   0.217014670000000 
H   0.669334740000000   0.546591810000000   0.270808990000000 
H   0.488161060000000   0.460012540000000   0.282097370000000 
H   0.485047740000000   0.400470660000000   0.272744040000000 
H   0.545474630000000   0.388375260000000   0.368255820000000 
H   0.598042260000000   0.396325820000000   0.339870300000000 
H   0.520764730000000   0.341052110000000   0.294637210000000 
H   0.622237870000000   0.359015380000000   0.268555660000000 
H   0.575323930000000   0.386357640000000   0.240191840000000 
H   0.582351360000000   0.326699300000000   0.233330560000000 
H   0.603847830000000   0.312236880000000   0.339168620000000 
H   0.488154160000000   0.302861310000000   0.449412070000000 
H   0.496717540000000   0.338791280000000   0.400272720000000 
H   0.462705630000000   0.250495840000000   0.396956010000000 
H   0.464327870000000   0.288659230000000   0.346742430000000 
H   0.376733560000000   0.251026790000000   0.394738840000000 
H   0.390757350000000   0.312360200000000   0.306055790000000 
H   0.362671800000000   0.326781510000000   0.360428820000000 
H   0.337492490000000   0.286302490000000   0.322013610000000 
H   0.424689880000000   0.230261470000000   0.307806380000000 
H   0.583983960000000   0.396127140000000   0.505503130000000 
H   0.543869640000000   0.389330970000000   0.464483740000000 
H   0.493352250000000   0.305269430000000   0.517525740000000 
H   0.491360680000000   0.348684100000000   0.561254200000000 
H   0.556833790000000   0.285264570000000   0.595593160000000 
H   0.457752600000000   0.305707890000000   0.601409150000000 
H   0.492872480000000   0.315706900000000   0.646041830000000 
H   0.477271320000000   0.258055900000000   0.634905360000000 
H   0.508908540000000   0.243055670000000   0.528036490000000 
H   0.516823020000000   0.620753680000000   0.430727110000000 
H   0.538257360000000   0.635356540000000   0.494598140000000 
H   0.589775720000000   0.641957460000000   0.436456300000000 
H   0.593317040000000   0.677277690000000   0.487545170000000 
H   0.590980320000000   0.743608890000000   0.422672250000000 
H   0.670491020000000   0.671180320000000   0.423627110000000 
H   0.662176160000000   0.709741070000000   0.471869470000000 
H   0.677297550000000   0.730156990000000   0.413112750000000 
H   0.611883120000000   0.663479820000000   0.367319040000000 
H   0.292176640000000   0.512754810000000   0.484564830000000 
H   0.291030710000000   0.535801510000000   0.428687170000000 
H   0.271726000000000   0.587779910000000   0.523884270000000 
H   0.273510470000000   0.635849810000000   0.426806380000000 
H   0.320731600000000   0.640025490000000   0.467044510000000 
H   0.265958400000000   0.659670670000000   0.484351430000000 
H   0.220394030000000   0.544269330000000   0.474860660000000 
H   0.361046110000000   0.414573410000000   0.562107790000000 
H   0.308281730000000   0.445238400000000   0.556899440000000 
H   0.347833440000000   0.394554840000000   0.641238580000000 
H   0.263680360000000   0.454589990000000   0.646714580000000 
H   0.319247420000000   0.476667270000000   0.659579930000000 
H   0.297668110000000   0.433232050000000   0.695105230000000 
H   0.263473260000000   0.387402420000000   0.596186330000000 
H   0.286940580000000   0.666052360000000   0.695673090000000 

K_POINTS gamma
