#************************************************************************************
#*                   Generated by cif2cell 2.1.0 2026-10-07 19:24                   *
#*  T. Bjorkman, Comp. Phys. Commun. 182, 1183-1186 (2011). Please cite generously. *
#*                                                                                  *
#*                              Data obtained from COD                              *
#*                                H197C107O58F3   ()                                *
#*             Failed to get author information, No journal information             *
#************************************************************************************

&CONTROL
  calculation='relax',
  outdir='./Outputs',
  prefix='complex',
  pseudo_dir='./Pseudopotentials',
  verbosity='low',
  tprnfor=.true.,
  tstress=.true.,
  forc_conv_thr=1.0d-4,
  disk_io='low',
/
&SYSTEM
  ibrav = 0
  A =   33.03750
  nat = 365
  ntyp = 4
  ecutwfc=60,
  ecutrho=600,
  input_dft='pbe',
  vdw_corr='dft-d3',
  assume_isolated='mt',
  occupations='smearing',
  smearing='m-p',
  degauss=0.005d0,
/

&ELECTRONS
  conv_thr=1d-07,
  mixing_beta=0.15d0,
  electron_maxstep=200,
/
&IONS
  ion_dynamics='bfgs',
/
CELL_PARAMETERS {alat}
  1.000000000000000   0.000000000000000   0.000000000000000 
  0.000000000000000   1.000000000000000   0.000000000000000 
  0.000000000000000   0.000000000000000   1.000000000000000 
ATOMIC_SPECIES
   H    1.00750   H.UPF
   C   12.01060   C.UPF
   F   18.99800   F.UPF
   O   15.99900   O.UPF
ATOMIC_POSITIONS {crystal}
F   0.525012650000000   0.500886320000000   0.772622020000000 
F   0.477342580000000   0.546298350000000   0.767585320000000 
F   0.477503000000000   0.503807240000000   0.818388200000000 
O   0.335474840000000   0.594899740000000   0.520275440000000 
O   0.355004160000000   0.576317820000000   0.447240260000000 
O   0.407438520000000   0.614907300000000   0.416021190000000 
O   0.478960270000000   0.557357550000000   0.436295120000000 
O   0.457409000000000   0.673776770000000   0.474584940000000 
O   0.433808550000000   0.735718500000000   0.383452140000000 
O   0.477443810000000   0.610479000000000   0.535055620000000 
O   0.430330680000000   0.684661370000000   0.599312900000000 
O   0.520149830000000   0.546391220000000   0.492927730000000 
O   0.481415060000000   0.483580780000000   0.456614450000000 
O   0.525667800000000   0.514857360000000   0.556779420000000 
O   0.511532350000000   0.565820660000000   0.618300420000000 
O   0.445685960000000   0.474787740000000   0.554012860000000 
O   0.421074540000000   0.370851310000000   0.573430190000000 
O   0.451185770000000   0.406468410000000   0.469218310000000 
O   0.448503970000000   0.419447600000000   0.363390090000000 
O   0.377675370000000   0.351064700000000   0.444697690000000 
O   0.414563750000000   0.248581160000000   0.474930000000000 
O   0.341328790000000   0.417577000000000   0.389469540000000 
O   0.303583810000000   0.328093830000000   0.336626560000000 
O   0.404136210000000   0.407987890000000   0.316824820000000 
O   0.487919790000000   0.459250850000000   0.317218310000000 
O   0.373277340000000   0.471455160000000   0.272454030000000 
O   0.296446460000000   0.492855090000000   0.282560730000000 
O   0.421897840000000   0.543013240000000   0.293850930000000 
O   0.422657590000000   0.647325010000000   0.324746120000000 
O   0.499470300000000   0.519524780000000   0.282436630000000 
O   0.557549750000000   0.491526300000000   0.342674230000000 
O   0.523630720000000   0.593964430000000   0.303288690000000 
O   0.520812710000000   0.645424140000000   0.204897470000000 
O   0.556917140000000   0.573711690000000   0.395819900000000 
O   0.559205450000000   0.619105560000000   0.489740450000000 
O   0.612393490000000   0.501094210000000   0.392099890000000 
O   0.522919410000000   0.449247070000000   0.375812330000000 
O   0.437755580000000   0.474203560000000   0.413696560000000 
O   0.609987140000000   0.441967460000000   0.490848280000000 
O   0.688861140000000   0.505014000000000   0.534383650000000 
O   0.528131670000000   0.401029130000000   0.499601970000000 
O   0.586153610000000   0.332721910000000   0.440245180000000 
O   0.637764660000000   0.404879300000000   0.344971620000000 
O   0.720779420000000   0.343954600000000   0.305359060000000 
O   0.630360950000000   0.508183130000000   0.268331440000000 
O   0.677513430000000   0.540664400000000   0.219862280000000 
O   0.538831630000000   0.433885740000000   0.253203180000000 
O   0.562701480000000   0.330330680000000   0.277312150000000 
O   0.440107450000000   0.334365490000000   0.340788500000000 
O   0.413967460000000   0.254005300000000   0.277781310000000 
O   0.532432840000000   0.368729470000000   0.426482030000000 
O   0.525413550000000   0.274563750000000   0.465231930000000 
O   0.525528570000000   0.659580780000000   0.378814980000000 
O   0.590539540000000   0.672783960000000   0.309154750000000 
O   0.371385550000000   0.537958380000000   0.387368900000000 
O   0.257917520000000   0.568111990000000   0.397929630000000 
O   0.379143400000000   0.483925840000000   0.495712450000000 
O   0.316154370000000   0.389920540000000   0.512526670000000 
O   0.283960650000000   0.647576240000000   0.578475970000000 
O   0.423095130000000   0.474679730000000   0.751025350000000 
O   0.484028920000000   0.450861350000000   0.730923950000000 
C   0.292511540000000   0.676373820000000   0.512263340000000 
C   0.276223990000000   0.640750660000000   0.536429810000000 
C   0.292096860000000   0.598356410000000   0.522745370000000 
C   0.351919790000000   0.553434730000000   0.513800980000000 
C   0.352870220000000   0.535043510000000   0.463588350000000 
C   0.388793040000000   0.492494890000000   0.434666670000000 
C   0.408594780000000   0.508715850000000   0.466433600000000 
C   0.403034430000000   0.543440030000000   0.422686340000000 
C   0.394867950000000   0.583443060000000   0.440184640000000 
C   0.449263720000000   0.621415060000000   0.421884220000000 
C   0.476926220000000   0.591091940000000   0.407437000000000 
C   0.483158530000000   0.561713200000000   0.479013240000000 
C   0.466625800000000   0.601071510000000   0.495209990000000 
C   0.468130160000000   0.634021940000000   0.462725690000000 
C   0.465115400000000   0.702577370000000   0.442696940000000 
C   0.430315550000000   0.704012110000000   0.411747260000000 
C   0.389704120000000   0.700325390000000   0.432696180000000 
C   0.444236100000000   0.632363220000000   0.552227010000000 
C   0.458032540000000   0.652867200000000   0.590162690000000 
C   0.500469160000000   0.669121450000000   0.583500570000000 
C   0.533973510000000   0.504505490000000   0.488054480000000 
C   0.529263720000000   0.476252740000000   0.437251610000000 
C   0.459209990000000   0.450615210000000   0.480426790000000 
C   0.471901630000000   0.471530840000000   0.521504350000000 
C   0.517631480000000   0.485048810000000   0.527706390000000 
C   0.512222470000000   0.499713960000000   0.593359060000000 
C   0.525380250000000   0.526062810000000   0.626609160000000 
C   0.570889140000000   0.523432460000000   0.627489970000000 
C   0.422469920000000   0.440844490000000   0.557266740000000 
C   0.446645480000000   0.404137720000000   0.567443060000000 
C   0.468493380000000   0.413321230000000   0.605517970000000 
C   0.439877410000000   0.379859250000000   0.426721150000000 
C   0.461292470000000   0.383776010000000   0.381826710000000 
C   0.408043890000000   0.423470300000000   0.355959140000000 
C   0.383096480000000   0.409265230000000   0.392771850000000 
C   0.398067350000000   0.371078320000000   0.413112370000000 
C   0.383384030000000   0.307374950000000   0.443332580000000 
C   0.413537650000000   0.291465760000000   0.473758610000000 
C   0.402961790000000   0.309272800000000   0.514718120000000 
C   0.323373440000000   0.396125610000000   0.357178960000000 
C   0.323116160000000   0.351273550000000   0.366631860000000 
C   0.303783580000000   0.345113890000000   0.407888010000000 
C   0.428118050000000   0.428700720000000   0.285838820000000 
C   0.473875140000000   0.429959890000000   0.289713200000000 
C   0.477192580000000   0.499931900000000   0.313822170000000 
C   0.431647370000000   0.503987890000000   0.308422250000000 
C   0.415947030000000   0.472242150000000   0.277726830000000 
C   0.360186150000000   0.508240640000000   0.254559210000000 
C   0.315827470000000   0.504423760000000   0.245496780000000 
C   0.308447980000000   0.472015130000000   0.214035570000000 
C   0.424391980000000   0.574919410000000   0.321710180000000 
C   0.413310630000000   0.613445330000000   0.300437380000000 
C   0.369481650000000   0.614967840000000   0.287576240000000 
C   0.542675750000000   0.527567160000000   0.287225120000000 
C   0.566884600000000   0.494253500000000   0.302677260000000 
C   0.577729850000000   0.514330680000000   0.370209610000000 
C   0.555942490000000   0.550919410000000   0.361053350000000 
C   0.553063940000000   0.564056000000000   0.314630340000000 
C   0.529705640000000   0.603901630000000   0.261978060000000 
C   0.504622020000000   0.637418090000000   0.244310250000000 
C   0.506749910000000   0.674566780000000   0.270489600000000 
C   0.559910710000000   0.564434350000000   0.436921680000000 
C   0.580856600000000   0.586409380000000   0.471424900000000 
C   0.621053350000000   0.598683310000000   0.457734390000000 
C   0.604641700000000   0.459038970000000   0.407091940000000 
C   0.578059780000000   0.437357550000000   0.372942870000000 
C   0.489000380000000   0.441994700000000   0.419586830000000 
C   0.528773360000000   0.430304960000000   0.468528190000000 
C   0.584697690000000   0.452622020000000   0.458264090000000 
C   0.647153990000000   0.462429060000000   0.493987140000000 
C   0.649094210000000   0.488532730000000   0.531925840000000 
C   0.640258800000000   0.463984870000000   0.569961410000000 
C   0.560531210000000   0.374192960000000   0.506373060000000 
C   0.591595910000000   0.361613320000000   0.472841470000000 
C   0.634777150000000   0.354248960000000   0.480520620000000 
C   0.599786610000000   0.394790770000000   0.364316310000000 
C   0.659691260000000   0.369586080000000   0.334807420000000 
C   0.700729470000000   0.380391980000000   0.316688610000000 
C   0.727123720000000   0.404062050000000   0.346127880000000 
C   0.611421870000000   0.492546350000000   0.301493760000000 
C   0.672491870000000   0.501251610000000   0.277944760000000 
C   0.691403710000000   0.503509650000000   0.237181990000000 
C   0.675424900000000   0.468028760000000   0.212243660000000 
C   0.495959140000000   0.435332580000000   0.249604240000000 
C   0.553950810000000   0.402339770000000   0.278304960000000 
C   0.549985620000000   0.364158910000000   0.254419980000000 
C   0.575262960000000   0.371623160000000   0.216569050000000 
C   0.474716610000000   0.348667420000000   0.357814600000000 
C   0.450068860000000   0.302416950000000   0.315468790000000 
C   0.408927730000000   0.288066590000000   0.302916380000000 
C   0.386304960000000   0.321943250000000   0.281186530000000 
C   0.542418460000000   0.413938710000000   0.419526300000000 
C   0.510896710000000   0.345564890000000   0.454304960000000 
C   0.520961030000000   0.312308740000000   0.484180100000000 
C   0.488824820000000   0.314460840000000   0.517175940000000 
C   0.512537270000000   0.619986380000000   0.389669320000000 
C   0.570192960000000   0.655328040000000   0.376871740000000 
C   0.592785470000000   0.684864170000000   0.350528940000000 
C   0.637452890000000   0.681313660000000   0.362333710000000 
C   0.327132800000000   0.538615210000000   0.389297010000000 
C   0.299912220000000   0.575742720000000   0.405360580000000 
C   0.310718120000000   0.617328790000000   0.388631100000000 
C   0.357882710000000   0.445381760000000   0.485327280000000 
C   0.342003780000000   0.422441170000000   0.522112750000000 
C   0.323213020000000   0.452158910000000   0.550789250000000 
C   0.460077350000000   0.476792480000000   0.752678020000000 
C   0.484410300000000   0.507139820000000   0.777982600000000 
H   0.284992810000000   0.673349980000000   0.480172530000000 
H   0.325274310000000   0.679194850000000   0.515741200000000 
H   0.279293230000000   0.704856600000000   0.523223610000000 
H   0.243137340000000   0.641180480000000   0.533342410000000 
H   0.279393110000000   0.592160420000000   0.493045780000000 
H   0.280625050000000   0.575818390000000   0.544090810000000 
H   0.335477870000000   0.533772230000000   0.534102160000000 
H   0.382506240000000   0.557088160000000   0.526002270000000 
H   0.321623910000000   0.524703750000000   0.461281880000000 
H   0.365032160000000   0.472057510000000   0.426887630000000 
H   0.413410520000000   0.532827850000000   0.487085890000000 
H   0.429964430000000   0.539874390000000   0.405197120000000 
H   0.402295880000000   0.592399550000000   0.469533110000000 
H   0.456331440000000   0.641958380000000   0.398347330000000 
H   0.467452140000000   0.573599700000000   0.381941730000000 
H   0.462787740000000   0.543776010000000   0.495206960000000 
H   0.435954600000000   0.593492240000000   0.501611800000000 
H   0.500199770000000   0.636286040000000   0.457446840000000 
H   0.494957250000000   0.697204690000000   0.429230420000000 
H   0.467833520000000   0.732252740000000   0.456829360000000 
H   0.429337870000000   0.679464250000000   0.390907300000000 
H   0.381259180000000   0.729023080000000   0.446126370000000 
H   0.389534620000000   0.676897470000000   0.456317820000000 
H   0.366951190000000   0.690972380000000   0.410591000000000 
H   0.440325390000000   0.760202800000000   0.397748010000000 
H   0.418035570000000   0.612839950000000   0.557965950000000 
H   0.433145670000000   0.654919410000000   0.530827090000000 
H   0.458059780000000   0.630916380000000   0.614892170000000 
H   0.501168370000000   0.688357170000000   0.556467650000000 
H   0.522156640000000   0.644388950000000   0.578818010000000 
H   0.510270150000000   0.686886110000000   0.609386300000000 
H   0.423169130000000   0.697749530000000   0.573841850000000 
H   0.565525540000000   0.508410140000000   0.495891030000000 
H   0.520367760000000   0.496505490000000   0.413433220000000 
H   0.429056380000000   0.456187670000000   0.475777530000000 
H   0.462957250000000   0.500446460000000   0.512665910000000 
H   0.536782440000000   0.459187290000000   0.536432840000000 
H   0.525925090000000   0.470032540000000   0.597300040000000 
H   0.479783580000000   0.501478620000000   0.593010970000000 
H   0.510781690000000   0.513873630000000   0.653611800000000 
H   0.584404090000000   0.538975410000000   0.601498300000000 
H   0.580587210000000   0.491692770000000   0.626227770000000 
H   0.581988650000000   0.536929250000000   0.655252360000000 
H   0.513466520000000   0.569098750000000   0.588767310000000 
H   0.410507760000000   0.435217560000000   0.528027240000000 
H   0.398718120000000   0.448051460000000   0.578660610000000 
H   0.468187670000000   0.397853950000000   0.543194850000000 
H   0.447099510000000   0.421629970000000   0.629130530000000 
H   0.486642450000000   0.439146420000000   0.600223990000000 
H   0.488894440000000   0.389281880000000   0.614096100000000 
H   0.396323870000000   0.380740070000000   0.585882710000000 
H   0.448685580000000   0.351415820000000   0.438438140000000 
H   0.491948540000000   0.391158530000000   0.382416950000000 
H   0.399011730000000   0.454674230000000   0.354367010000000 
H   0.392921680000000   0.429324250000000   0.415866820000000 
H   0.400982220000000   0.349306090000000   0.389160800000000 
H   0.391668560000000   0.295679150000000   0.413381760000000 
H   0.354435110000000   0.294084000000000   0.451045020000000 
H   0.443433980000000   0.298851310000000   0.462677260000000 
H   0.372021190000000   0.302453270000000   0.523193340000000 
H   0.405888760000000   0.342326140000000   0.513698070000000 
H   0.422324630000000   0.297216800000000   0.538672720000000 
H   0.390757470000000   0.239797200000000   0.489643590000000 
H   0.338244420000000   0.402860390000000   0.328674990000000 
H   0.292705260000000   0.407533860000000   0.353701100000000 
H   0.353744990000000   0.339832010000000   0.366304960000000 
H   0.271580780000000   0.351437000000000   0.406925460000000 
H   0.316018160000000   0.365248580000000   0.431231180000000 
H   0.307872870000000   0.313916000000000   0.417540670000000 
H   0.277507380000000   0.340476730000000   0.331841090000000 
H   0.421271280000000   0.409982600000000   0.259462730000000 
H   0.482816500000000   0.401159290000000   0.301962920000000 
H   0.482577370000000   0.514554670000000   0.342695420000000 
H   0.417197120000000   0.500894440000000   0.337695040000000 
H   0.429231930000000   0.480687100000000   0.248578130000000 
H   0.378335230000000   0.516037840000000   0.227871360000000 
H   0.362250470000000   0.530636400000000   0.278208100000000 
H   0.304301170000000   0.533863030000000   0.235732120000000 
H   0.319250850000000   0.442448730000000   0.224508510000000 
H   0.323824440000000   0.479315930000000   0.185619370000000 
H   0.275996970000000   0.469172910000000   0.208614450000000 
H   0.315706390000000   0.474067350000000   0.295088910000000 
H   0.455193340000000   0.577047290000000   0.331971240000000 
H   0.404272420000000   0.571486950000000   0.347096480000000 
H   0.431580780000000   0.614123340000000   0.273440790000000 
H   0.349410520000000   0.614410900000000   0.313734390000000 
H   0.361629970000000   0.589878170000000   0.267771470000000 
H   0.363869840000000   0.642905790000000   0.270946650000000 
H   0.403600450000000   0.647440030000000   0.347235720000000 
H   0.553112370000000   0.531889520000000   0.256363220000000 
H   0.553929630000000   0.467595910000000   0.292522130000000 
H   0.561623910000000   0.508161940000000   0.395710930000000 
H   0.524750660000000   0.541896330000000   0.360451000000000 
H   0.583147940000000   0.574846770000000   0.307011730000000 
H   0.524048430000000   0.578085510000000   0.242103670000000 
H   0.561445330000000   0.612531210000000   0.259838060000000 
H   0.473623910000000   0.627671590000000   0.239760880000000 
H   0.537348470000000   0.686653050000000   0.269254630000000 
H   0.498592510000000   0.668019670000000   0.301905410000000 
H   0.487126750000000   0.698330680000000   0.258905790000000 
H   0.550121830000000   0.646586450000000   0.207703370000000 
H   0.561953840000000   0.533312150000000   0.441673860000000 
H   0.532296630000000   0.576844490000000   0.445920540000000 
H   0.583311390000000   0.564846010000000   0.496193720000000 
H   0.619842600000000   0.609822170000000   0.426642450000000 
H   0.639523270000000   0.571435490000000   0.457794930000000 
H   0.631456680000000   0.622068860000000   0.478217180000000 
H   0.554362470000000   0.640266360000000   0.470301930000000 
H   0.635273550000000   0.446592510000000   0.409207720000000 
H   0.584522130000000   0.444918650000000   0.342819520000000 
H   0.481206210000000   0.413726830000000   0.422307980000000 
H   0.517440790000000   0.448823310000000   0.488641700000000 
H   0.586874010000000   0.484703750000000   0.459759360000000 
H   0.655202420000000   0.479488460000000   0.466902760000000 
H   0.670085510000000   0.439067730000000   0.497014000000000 
H   0.627624670000000   0.513658720000000   0.529791900000000 
H   0.661452890000000   0.438719640000000   0.573018540000000 
H   0.609542190000000   0.451601970000000   0.569925090000000 
H   0.644214910000000   0.482742340000000   0.596927730000000 
H   0.707715470000000   0.482472950000000   0.536662880000000 
H   0.547079830000000   0.350565270000000   0.523913730000000 
H   0.577645100000000   0.385404460000000   0.531329550000000 
H   0.596193720000000   0.389959890000000   0.459856220000000 
H   0.640010590000000   0.322663640000000   0.487458190000000 
H   0.646000760000000   0.375243280000000   0.502698450000000 
H   0.649711690000000   0.360214910000000   0.451084370000000 
H   0.576068100000000   0.306394250000000   0.448753690000000 
H   0.581997730000000   0.374589480000000   0.345570940000000 
H   0.608858120000000   0.378993570000000   0.391585320000000 
H   0.642232310000000   0.352366250000000   0.312696180000000 
H   0.663671590000000   0.350637910000000   0.361710180000000 
H   0.696407110000000   0.398665150000000   0.289365120000000 
H   0.732348090000000   0.386642450000000   0.373838820000000 
H   0.713363600000000   0.433065460000000   0.354333710000000 
H   0.756862660000000   0.409955350000000   0.332755200000000 
H   0.722976920000000   0.326970870000000   0.329343930000000 
H   0.620311770000000   0.460994320000000   0.304647750000000 
H   0.624712830000000   0.508864170000000   0.326701480000000 
H   0.677773740000000   0.471458190000000   0.292083240000000 
H   0.681796440000000   0.524846010000000   0.299305330000000 
H   0.724211880000000   0.503452140000000   0.240178580000000 
H   0.642253500000000   0.468582670000000   0.209513430000000 
H   0.683497540000000   0.439010220000000   0.226118800000000 
H   0.687350740000000   0.469648130000000   0.181611800000000 
H   0.648497920000000   0.541169880000000   0.226630340000000 
H   0.489617860000000   0.464665910000000   0.236077190000000 
H   0.486887630000000   0.412052970000000   0.228249720000000 
H   0.539878930000000   0.401365120000000   0.308180100000000 
H   0.585978060000000   0.408390470000000   0.284425270000000 
H   0.518209610000000   0.359549000000000   0.246571320000000 
H   0.607196370000000   0.375421870000000   0.224744610000000 
H   0.566055240000000   0.399582290000000   0.201007950000000 
H   0.572217930000000   0.346866440000000   0.195265990000000 
H   0.591069240000000   0.334087020000000   0.283838060000000 
H   0.489611800000000   0.325802500000000   0.376096860000000 
H   0.497121450000000   0.357551270000000   0.334973890000000 
H   0.467294740000000   0.279530840000000   0.332198260000000 
H   0.468717370000000   0.313253120000000   0.290176310000000 
H   0.391901630000000   0.280000000000000   0.330342790000000 
H   0.404199770000000   0.334195990000000   0.256127130000000 
H   0.379570190000000   0.346939080000000   0.301629970000000 
H   0.357489220000000   0.311170640000000   0.269481650000000 
H   0.433956870000000   0.261651150000000   0.257592130000000 
H   0.573649640000000   0.408214910000000   0.423037460000000 
H   0.538471430000000   0.402209610000000   0.388709800000000 
H   0.494170260000000   0.327930380000000   0.433098750000000 
H   0.492423760000000   0.366292850000000   0.469693530000000 
H   0.549840330000000   0.310253500000000   0.498430570000000 
H   0.462951190000000   0.328317820000000   0.503297770000000 
H   0.493749530000000   0.337153230000000   0.540649260000000 
H   0.480068100000000   0.286211120000000   0.531329550000000 
H   0.507812330000000   0.272956490000000   0.441894820000000 
H   0.514752930000000   0.606701480000000   0.360460080000000 
H   0.533549750000000   0.619604990000000   0.413911460000000 
H   0.578728720000000   0.625437760000000   0.365254630000000 
H   0.581834280000000   0.656647750000000   0.408009080000000 
H   0.579785090000000   0.715259930000000   0.353719260000000 
H   0.649511920000000   0.651259930000000   0.354518350000000 
H   0.642220200000000   0.685333330000000   0.394890650000000 
H   0.655480890000000   0.703373440000000   0.345719260000000 
H   0.598115780000000   0.644455540000000   0.307396140000000 
H   0.317749530000000   0.511270530000000   0.405514950000000 
H   0.316744610000000   0.531635260000000   0.358752930000000 
H   0.299815360000000   0.577564890000000   0.438419980000000 
H   0.301380250000000   0.620040860000000   0.357178960000000 
H   0.342790770000000   0.623730610000000   0.390852820000000 
H   0.294757470000000   0.641089670000000   0.405336360000000 
H   0.254799850000000   0.539117670000000   0.397393870000000 
H   0.378144530000000   0.424514570000000   0.470407870000000 
H   0.331872870000000   0.451611050000000   0.466049190000000 
H   0.366557700000000   0.406825580000000   0.536629590000000 
H   0.292759740000000   0.459874390000000   0.541212260000000 
H   0.341489220000000   0.479382520000000   0.551978810000000 
H   0.322565270000000   0.441001890000000   0.581708660000000 
H   0.292578130000000   0.400505490000000   0.498926980000000 
H   0.313157780000000   0.646728720000000   0.582183880000000 
H   0.513026270000000   0.456055440000000   0.735179720000000 

K_POINTS gamma
