#************************************************************************************
#*                   Generated by cif2cell 2.1.0 2026-10-07 19:23                   *
#*  T. Bjorkman, Comp. Phys. Commun. 182, 1183-1186 (2011). Please cite generously. *
#*                                                                                  *
#*                              Data obtained from COD                              *
#*                                H349C182O32F3   ()                                *
#*             Failed to get author information, No journal information             *
#************************************************************************************

&CONTROL
 nstep=0,

  calculation='relax',
  outdir='./Outputs',
  prefix='complex',
  pseudo_dir='./Pseudopotentials',
  verbosity='low',
  tprnfor=.true.,
  tstress=.true.,
  forc_conv_thr=1.0d-4,
  disk_io='low',
/
&SYSTEM
  ibrav = 0
  A =   40.35770
  nat = 566
  ntyp = 4
  ecutwfc=60,
  ecutrho=600,
  input_dft='pbe',
  vdw_corr='dft-d3',
  assume_isolated='mt',
  occupations='smearing',
  smearing='m-p',
  degauss=0.005d0,
/

&ELECTRONS
  conv_thr=1d-07,
  mixing_beta=0.15d0,
  electron_maxstep=200,
/
&IONS
  ion_dynamics='bfgs',
/
CELL_PARAMETERS {alat}
  1.000000000000000   0.000000000000000   0.000000000000000 
  0.000000000000000   1.000000000000000   0.000000000000000 
  0.000000000000000   0.000000000000000   1.000000000000000 
ATOMIC_SPECIES
   F   18.99800   F.UPF
   O   15.99900   O.UPF
   H    1.00750   H.UPF
   C   12.01060   C.UPF
ATOMIC_POSITIONS {crystal}
F   0.546706310000000   0.513081560000000   0.813133550000000 
F   0.507682780000000   0.550256620000000   0.809010420000000 
F   0.507814100000000   0.515472670000000   0.850598520000000 
O   0.410333100000000   0.381466240000000   0.513292380000000 
O   0.466419050000000   0.411269720000000   0.523478790000000 
O   0.516253400000000   0.395820380000000   0.490372350000000 
O   0.519251590000000   0.449872020000000   0.421926920000000 
O   0.535791190000000   0.351239040000000   0.437393610000000 
O   0.466359580000000   0.378951230000000   0.403328240000000 
O   0.485300200000000   0.452208620000000   0.374491110000000 
O   0.476439440000000   0.534946240000000   0.416946460000000 
O   0.416292310000000   0.473671690000000   0.348793410000000 
O   0.406383420000000   0.473163730000000   0.412166700000000 
O   0.429427350000000   0.566159620000000   0.429831230000000 
O   0.494991040000000   0.568404540000000   0.475433440000000 
O   0.396605850000000   0.568320300000000   0.505298860000000 
O   0.447067100000000   0.528937480000000   0.541391110000000 
O   0.511468690000000   0.577238050000000   0.531995130000000 
O   0.549265690000000   0.552003710000000   0.486226920000000 
O   0.560078990000000   0.529039070000000   0.581566840000000 
O   0.578419980000000   0.480109120000000   0.532128940000000 
O   0.595125590000000   0.531008950000000   0.481152300000000 
O   0.531588770000000   0.548135800000000   0.432108370000000 
O   0.500781760000000   0.498289050000000   0.480267710000000 
O   0.610780590000000   0.481521490000000   0.451990570000000 
O   0.565567410000000   0.501351660000000   0.388218360000000 
O   0.571474590000000   0.595118160000000   0.375782070000000 
O   0.608302750000000   0.604370420000000   0.474900700000000 
O   0.514637850000000   0.634929640000000   0.473309930000000 
O   0.479078340000000   0.566625450000000   0.338636740000000 
O   0.583088230000000   0.419201290000000   0.392061490000000 
O   0.504820640000000   0.453541700000000   0.522616500000000 
O   0.443494050000000   0.488355380000000   0.457211390000000 
O   0.463274890000000   0.491628400000000   0.795454150000000 
O   0.513156330000000   0.472130260000000   0.778998800000000 
C   0.300832310000000   0.254124990000000   0.693917150000000 
C   0.307306910000000   0.287598150000000   0.678029220000000 
C   0.330645700000000   0.284163860000000   0.648490870000000 
C   0.337261540000000   0.317679150000000   0.632461710000000 
C   0.360652370000000   0.314249820000000   0.602888670000000 
C   0.366740420000000   0.348141740000000   0.587543390000000 
C   0.389491970000000   0.346925120000000   0.557447530000000 
C   0.392980770000000   0.381998970000000   0.543623650000000 
C   0.413794640000000   0.413690570000000   0.497924810000000 
C   0.441779390000000   0.437373780000000   0.515542260000000 
C   0.461027260000000   0.477081200000000   0.497674550000000 
C   0.457687130000000   0.459595070000000   0.469080250000000 
C   0.488955020000000   0.443754230000000   0.487602120000000 
C   0.484093490000000   0.408236840000000   0.493033550000000 
C   0.534445720000000   0.401930730000000   0.459634720000000 
C   0.543690550000000   0.432792260000000   0.441682750000000 
C   0.491356050000000   0.436556100000000   0.406747660000000 
C   0.490436770000000   0.398469190000000   0.417620430000000 
C   0.524844080000000   0.383463380000000   0.428745940000000 
C   0.572247680000000   0.351563640000000   0.438003160000000 
C   0.586378810000000   0.324758350000000   0.459357200000000 
C   0.588668330000000   0.294352750000000   0.438535890000000 
C   0.554117310000000   0.280243920000000   0.433035080000000 
C   0.558921840000000   0.246495710000000   0.418675990000000 
C   0.528285800000000   0.224866630000000   0.418448030000000 
C   0.538427610000000   0.193873780000000   0.399324040000000 
C   0.509694560000000   0.171139580000000   0.392063970000000 
C   0.465494810000000   0.346372560000000   0.416562390000000 
C   0.448343190000000   0.327645030000000   0.389501880000000 
C   0.462355390000000   0.339243810000000   0.355595090000000 
C   0.500162300000000   0.335866510000000   0.352297080000000 
C   0.511766030000000   0.300606820000000   0.358201780000000 
C   0.494086630000000   0.277057410000000   0.334853080000000 
C   0.506270180000000   0.242228870000000   0.339610530000000 
C   0.487909370000000   0.218535740000000   0.317213320000000 
C   0.474898220000000   0.488920330000000   0.364887000000000 
C   0.483268370000000   0.528139610000000   0.384181950000000 
C   0.443803780000000   0.534061650000000   0.425963320000000 
C   0.432700580000000   0.495620410000000   0.403251420000000 
C   0.438223680000000   0.494314590000000   0.366676000000000 
C   0.382296320000000   0.483949780000000   0.353860600000000 
C   0.376701350000000   0.520713520000000   0.347881570000000 
C   0.389744710000000   0.530072330000000   0.314393540000000 
C   0.373846870000000   0.506517960000000   0.290294050000000 
C   0.384323190000000   0.514838560000000   0.256050270000000 
C   0.365935130000000   0.491383300000000   0.233548990000000 
C   0.374570400000000   0.500576100000000   0.198470180000000 
C   0.355614910000000   0.478845420000000   0.174804310000000 
C   0.405590510000000   0.438649870000000   0.404884320000000 
C   0.370236660000000   0.427742410000000   0.412107230000000 
C   0.359859460000000   0.398900330000000   0.390839910000000 
C   0.324916930000000   0.388763480000000   0.400317660000000 
C   0.314363800000000   0.359443180000000   0.379394760000000 
C   0.280271180000000   0.347673430000000   0.390019750000000 
C   0.269807250000000   0.317748530000000   0.369656840000000 
C   0.235897980000000   0.305832590000000   0.380509790000000 
C   0.438511110000000   0.584468390000000   0.461411330000000 
C   0.474759460000000   0.593190390000000   0.461817700000000 
C   0.492424000000000   0.558698840000000   0.508993330000000 
C   0.456041850000000   0.551733620000000   0.515931280000000 
C   0.430661310000000   0.575486210000000   0.499319830000000 
C   0.389670370000000   0.561382340000000   0.539307240000000 
C   0.405454230000000   0.586294560000000   0.563825490000000 
C   0.387841730000000   0.618442080000000   0.561216320000000 
C   0.409170990000000   0.646493730000000   0.573575800000000 
C   0.387199960000000   0.676292260000000   0.569519570000000 
C   0.400463850000000   0.706524410000000   0.586527480000000 
C   0.376190910000000   0.734610740000000   0.580127210000000 
C   0.386924920000000   0.765348370000000   0.598445900000000 
C   0.444343950000000   0.526412560000000   0.575649750000000 
C   0.472517020000000   0.524663200000000   0.599139690000000 
C   0.504196230000000   0.539069370000000   0.590878570000000 
C   0.508591920000000   0.575335070000000   0.593522430000000 
C   0.505472310000000   0.590469720000000   0.626566930000000 
C   0.510318970000000   0.627330100000000   0.620382230000000 
C   0.502910230000000   0.644387560000000   0.652519840000000 
C   0.503782430000000   0.681379270000000   0.648139020000000 
C   0.548244820000000   0.571769450000000   0.536556840000000 
C   0.561535960000000   0.579202980000000   0.503943490000000 
C   0.564254160000000   0.522237390000000   0.491836750000000 
C   0.558389110000000   0.508995810000000   0.525589910000000 
C   0.565929180000000   0.537704080000000   0.548073850000000 
C   0.565433610000000   0.495300770000000   0.591465820000000 
C   0.601699300000000   0.491053750000000   0.594072510000000 
C   0.611908010000000   0.515292000000000   0.619953570000000 
C   0.647251950000000   0.523909940000000   0.614078600000000 
C   0.654742470000000   0.550452580000000   0.638837200000000 
C   0.691134530000000   0.557358320000000   0.637798980000000 
C   0.699001680000000   0.582144180000000   0.664651360000000 
C   0.735886830000000   0.587801090000000   0.665486390000000 
C   0.573957390000000   0.453353390000000   0.510943390000000 
C   0.591669000000000   0.422276290000000   0.519657960000000 
C   0.573831020000000   0.400121910000000   0.544200980000000 
C   0.587255960000000   0.364926640000000   0.541671110000000 
C   0.625570830000000   0.362436410000000   0.538494510000000 
C   0.645182950000000   0.379221310000000   0.566335540000000 
C   0.632714450000000   0.370563730000000   0.600817190000000 
C   0.649967660000000   0.390817610000000   0.627320190000000 
C   0.595650890000000   0.539334500000000   0.447329750000000 
C   0.567767740000000   0.560078990000000   0.430007160000000 
C   0.521667490000000   0.511399310000000   0.442346810000000 
C   0.558825210000000   0.500249020000000   0.423255040000000 
C   0.595824340000000   0.506837600000000   0.432009260000000 
C   0.645666130000000   0.479194800000000   0.453313740000000 
C   0.661467330000000   0.506993710000000   0.472965510000000 
C   0.648510690000000   0.508376340000000   0.508539880000000 
C   0.659306650000000   0.480210720000000   0.530401880000000 
C   0.695906850000000   0.478671980000000   0.535072610000000 
C   0.707934300000000   0.511912220000000   0.547662530000000 
C   0.744958210000000   0.511714000000000   0.551337170000000 
C   0.755726910000000   0.544768410000000   0.565265120000000 
C   0.542047740000000   0.498539310000000   0.364220460000000 
C   0.538340890000000   0.530010380000000   0.343676670000000 
C   0.566823680000000   0.537203560000000   0.321581760000000 
C   0.559992270000000   0.520329450000000   0.289555650000000 
C   0.588883910000000   0.527715900000000   0.266960210000000 
C   0.587560740000000   0.507018490000000   0.236103640000000 
C   0.553334310000000   0.506381680000000   0.220238020000000 
C   0.556171440000000   0.487770610000000   0.188209440000000 
C   0.584691400000000   0.569224710000000   0.395552770000000 
C   0.573082710000000   0.625521280000000   0.392019370000000 
C   0.606384900000000   0.639991870000000   0.398699630000000 
C   0.623992450000000   0.650089080000000   0.368323760000000 
C   0.656950220000000   0.664116140000000   0.379312990000000 
C   0.671557100000000   0.679253280000000   0.348781030000000 
C   0.705327610000000   0.693173790000000   0.355882520000000 
C   0.718343710000000   0.707129000000000   0.323573940000000 
C   0.752560230000000   0.721113940000000   0.328626260000000 
C   0.598711030000000   0.587436850000000   0.504330030000000 
C   0.589248150000000   0.633613910000000   0.471694370000000 
C   0.588579130000000   0.655203340000000   0.501624230000000 
C   0.624730840000000   0.663105180000000   0.504590200000000 
C   0.632090030000000   0.678552050000000   0.536940910000000 
C   0.669007400000000   0.683884360000000   0.536257020000000 
C   0.677791350000000   0.701425010000000   0.567624020000000 
C   0.714371730000000   0.708962600000000   0.567891630000000 
C   0.721854810000000   0.727343230000000   0.599551020000000 
C   0.481912990000000   0.625015800000000   0.480242930000000 
C   0.519994950000000   0.639687100000000   0.438952170000000 
C   0.498021440000000   0.665347630000000   0.425098560000000 
C   0.505457450000000   0.694422630000000   0.447433820000000 
C   0.480661680000000   0.720454830000000   0.441045950000000 
C   0.487170970000000   0.747215530000000   0.466121710000000 
C   0.463002100000000   0.774147190000000   0.458138100000000 
C   0.468009820000000   0.803160240000000   0.481025930000000 
C   0.443506440000000   0.829603770000000   0.471097210000000 
C   0.468673880000000   0.559409980000000   0.370189580000000 
C   0.485944440000000   0.600596660000000   0.340014420000000 
C   0.510356140000000   0.607306660000000   0.313600630000000 
C   0.499153820000000   0.639630110000000   0.300143470000000 
C   0.519189650000000   0.646729120000000   0.270114500000000 
C   0.504724010000000   0.678086210000000   0.256555750000000 
C   0.523416840000000   0.686937070000000   0.225808210000000 
C   0.509077570000000   0.718752560000000   0.212380780000000 
C   0.527869530000000   0.728217910000000   0.181563870000000 
C   0.578405110000000   0.430495300000000   0.424605470000000 
C   0.613020560000000   0.435453460000000   0.380499880000000 
C   0.619514990000000   0.424850770000000   0.345822480000000 
C   0.592070410000000   0.438184040000000   0.324223130000000 
C   0.594488780000000   0.421490820000000   0.291158810000000 
C   0.564031150000000   0.428185950000000   0.270426710000000 
C   0.568892680000000   0.411663700000000   0.237203800000000 
C   0.539334500000000   0.416309650000000   0.214375450000000 
C   0.548091190000000   0.404106280000000   0.180025130000000 
C   0.490637470000000   0.465534460000000   0.553012190000000 
C   0.467816550000000   0.447572580000000   0.578268830000000 
C   0.484646050000000   0.421498250000000   0.598416160000000 
C   0.460494530000000   0.411804930000000   0.625977200000000 
C   0.478595160000000   0.391318140000000   0.651201630000000 
C   0.503177830000000   0.413571640000000   0.669106510000000 
C   0.528417130000000   0.393704300000000   0.688292440000000 
C   0.554560840000000   0.417201670000000   0.701573680000000 
C   0.406839340000000   0.494921660000000   0.464315360000000 
C   0.388352160000000   0.521241300000000   0.440637100000000 
C   0.353610340000000   0.514798910000000   0.432249610000000 
C   0.335995360000000   0.541871810000000   0.450833420000000 
C   0.300757970000000   0.532773180000000   0.453618520000000 
C   0.299685070000000   0.501428480000000   0.474127610000000 
C   0.264435290000000   0.490625090000000   0.476949880000000 
C   0.263540790000000   0.455751940000000   0.489990760000000 
C   0.493549170000000   0.493357930000000   0.796807050000000 
C   0.513468540000000   0.518200780000000   0.817521810000000 
H   0.284096960000000   0.256810970000000   0.715058090000000 
H   0.323953050000000   0.243021780000000   0.702735790000000 
H   0.289436710000000   0.237082390000000   0.676163410000000 
H   0.318088000000000   0.304390490000000   0.696454460000000 
H   0.283747590000000   0.298483310000000   0.670015880000000 
H   0.319780360000000   0.267314540000000   0.630152360000000 
H   0.354135640000000   0.273194460000000   0.656610760000000 
H   0.348084750000000   0.334612730000000   0.650763050000000 
H   0.313788940000000   0.328717940000000   0.624317040000000 
H   0.349749860000000   0.297549170000000   0.584443610000000 
H   0.384181950000000   0.303300240000000   0.610899530000000 
H   0.377489300000000   0.364701160000000   0.606206500000000 
H   0.342906060000000   0.358898050000000   0.580132170000000 
H   0.379523610000000   0.330127830000000   0.538536640000000 
H   0.413841720000000   0.336922070000000   0.564249200000000 
H   0.406182710000000   0.397455750000000   0.561449240000000 
H   0.368420400000000   0.392430690000000   0.539044590000000 
H   0.389771960000000   0.425690760000000   0.495625370000000 
H   0.421109230000000   0.405350160000000   0.473327270000000 
H   0.426320130000000   0.446717730000000   0.535679680000000 
H   0.444457930000000   0.494725910000000   0.507224150000000 
H   0.440619760000000   0.441583640000000   0.461220540000000 
H   0.507912990000000   0.450585640000000   0.471681980000000 
H   0.468465750000000   0.391850870000000   0.478904890000000 
H   0.557541680000000   0.395978960000000   0.471374730000000 
H   0.548646230000000   0.449740690000000   0.461507970000000 
H   0.469863250000000   0.444564480000000   0.419543230000000 
H   0.478000480000000   0.402349490000000   0.440379410000000 
H   0.539111500000000   0.388471100000000   0.406437930000000 
H   0.584081850000000   0.373096090000000   0.448700000000000 
H   0.581088620000000   0.351593380000000   0.412568110000000 
H   0.571249100000000   0.320288320000000   0.481590870000000 
H   0.611697400000000   0.331091710000000   0.467516730000000 
H   0.604809000000000   0.276722910000000   0.451063860000000 
H   0.600168000000000   0.300792660000000   0.414738700000000 
H   0.540863330000000   0.296017860000000   0.415700100000000 
H   0.539465830000000   0.279753310000000   0.455856010000000 
H   0.577547780000000   0.233816600000000   0.433743750000000 
H   0.569413020000000   0.249486470000000   0.393783590000000 
H   0.506178500000000   0.236844520000000   0.408226930000000 
H   0.521536160000000   0.218510970000000   0.443912810000000 
H   0.557217090000000   0.180649540000000   0.413769860000000 
H   0.550353460000000   0.200727490000000   0.375851450000000 
H   0.496745350000000   0.164441980000000   0.414825420000000 
H   0.518941860000000   0.148670510000000   0.380120770000000 
H   0.491940820000000   0.182750750000000   0.375274110000000 
H   0.453370730000000   0.345302140000000   0.440800640000000 
H   0.489869340000000   0.335655900000000   0.419649780000000 
H   0.421914530000000   0.333333333333333   0.390666470000000 
H   0.451073770000000   0.301050360000000   0.393724120000000 
H   0.456138480000000   0.365377610000000   0.351008610000000 
H   0.449698570000000   0.325979920000000   0.335873950000000 
H   0.513483180000000   0.352463100000000   0.369000220000000 
H   0.507496710000000   0.344083040000000   0.327590520000000 
H   0.506143810000000   0.293118790000000   0.383602140000000 
H   0.538680350000000   0.299174630000000   0.355223410000000 
H   0.497141810000000   0.285182260000000   0.309197500000000 
H   0.467553900000000   0.276856710000000   0.340514950000000 
H   0.501307060000000   0.235722060000000   0.365013370000000 
H   0.533020960000000   0.240670310000000   0.336044920000000 
H   0.461193280000000   0.219336090000000   0.322032720000000 
H   0.496482700000000   0.193229540000000   0.321472730000000 
H   0.492104360000000   0.225002910000000   0.291275270000000 
H   0.485939490000000   0.488650250000000   0.339922740000000 
H   0.508963590000000   0.532963970000000   0.386538380000000 
H   0.445563050000000   0.532210710000000   0.452007920000000 
H   0.453962940000000   0.482299540000000   0.411363880000000 
H   0.434229400000000   0.518257980000000   0.356420210000000 
H   0.372773970000000   0.479573910000000   0.378331770000000 
H   0.366913870000000   0.467335850000000   0.339355320000000 
H   0.388485960000000   0.535796140000000   0.366983250000000 
H   0.350354460000000   0.526486890000000   0.349353410000000 
H   0.416696190000000   0.527827400000000   0.312307190000000 
H   0.383599660000000   0.555908790000000   0.309566700000000 
H   0.346830960000000   0.507414940000000   0.293106400000000 
H   0.381637210000000   0.480802920000000   0.294568320000000 
H   0.411185470000000   0.511538070000000   0.253659150000000 
H   0.378334250000000   0.540714660000000   0.250747690000000 
H   0.339137270000000   0.493370530000000   0.237887690000000 
H   0.372850780000000   0.465608790000000   0.238985370000000 
H   0.401316230000000   0.497771180000000   0.194768280000000 
H   0.368370840000000   0.526677680000000   0.194290060000000 
H   0.362044910000000   0.452793400000000   0.178662310000000 
H   0.361616250000000   0.485793290000000   0.149401480000000 
H   0.328926080000000   0.481722200000000   0.178669750000000 
H   0.421213300000000   0.424384940000000   0.421166220000000 
H   0.413323850000000   0.432187660000000   0.379957230000000 
H   0.352710880000000   0.447736120000000   0.407461280000000 
H   0.367488730000000   0.422182140000000   0.438525980000000 
H   0.377102760000000   0.378227700000000   0.393887660000000 
H   0.360350070000000   0.406338820000000   0.364711070000000 
H   0.307695930000000   0.409493110000000   0.396623200000000 
H   0.324015000000000   0.382373130000000   0.426714110000000 
H   0.332424790000000   0.339347880000000   0.382187290000000 
H   0.314106110000000   0.366529810000000   0.353159370000000 
H   0.262259740000000   0.367798460000000   0.386986870000000 
H   0.280699840000000   0.341193870000000   0.416413720000000 
H   0.287920270000000   0.297735000000000   0.372687240000000 
H   0.269257170000000   0.324240480000000   0.343292610000000 
H   0.236177980000000   0.298753400000000   0.406690670000000 
H   0.228395080000000   0.284310060000000   0.365895480000000 
H   0.217383550000000   0.325365420000000   0.377184530000000 
H   0.424424580000000   0.607031620000000   0.457047850000000 
H   0.481578480000000   0.594927360000000   0.435904420000000 
H   0.503470220000000   0.535067660000000   0.511607450000000 
H   0.453722590000000   0.534792620000000   0.495687320000000 
H   0.434432590000000   0.599241280000000   0.511441430000000 
H   0.396685140000000   0.535620220000000   0.543110730000000 
H   0.362951800000000   0.561342690000000   0.542404550000000 
H   0.432091030000000   0.589870090000000   0.559967490000000 
H   0.402785590000000   0.579240150000000   0.589956810000000 
H   0.365962380000000   0.616140170000000   0.576705310000000 
H   0.379850690000000   0.622902200000000   0.535761450000000 
H   0.431563250000000   0.648741130000000   0.558411410000000 
H   0.416948930000000   0.642687760000000   0.599360220000000 
H   0.362768440000000   0.670704720000000   0.579983500000000 
H   0.383740900000000   0.680938210000000   0.542942240000000 
H   0.425113420000000   0.712478660000000   0.576948140000000 
H   0.402718690000000   0.701662880000000   0.613154370000000 
H   0.351216740000000   0.727417570000000   0.588162850000000 
H   0.374761200000000   0.739598640000000   0.553445810000000 
H   0.387227220000000   0.760734630000000   0.625159510000000 
H   0.369758440000000   0.785627030000000   0.593348980000000 
H   0.411802460000000   0.772754640000000   0.590677860000000 
H   0.432824470000000   0.501857140000000   0.578486880000000 
H   0.426270580000000   0.541334120000000   0.587374900000000 
H   0.480879730000000   0.499641950000000   0.599853310000000 
H   0.464830750000000   0.530731430000000   0.624170850000000 
H   0.511044980000000   0.529120840000000   0.566672530000000 
H   0.520190690000000   0.528119790000000   0.609598660000000 
H   0.491977990000000   0.588442850000000   0.576841590000000 
H   0.534287140000000   0.580298180000000   0.587986930000000 
H   0.524690460000000   0.580823490000000   0.643148640000000 
H   0.481065570000000   0.584862370000000   0.636574930000000 
H   0.493618320000000   0.636143780000000   0.600700730000000 
H   0.535605350000000   0.632682240000000   0.611628020000000 
H   0.520968740000000   0.636317230000000   0.671078880000000 
H   0.478268090000000   0.636683950000000   0.660880080000000 
H   0.528347750000000   0.689491720000000   0.640066210000000 
H   0.497788530000000   0.693131670000000   0.671705770000000 
H   0.485622320000000   0.689179510000000   0.629552720000000 
H   0.556746300000000   0.591582280000000   0.552970070000000 
H   0.547724470000000   0.599997030000000   0.494822550000000 
H   0.556087190000000   0.501720860000000   0.477388450000000 
H   0.532287520000000   0.502982080000000   0.530751260000000 
H   0.592605620000000   0.541765260000000   0.546943950000000 
H   0.554821010000000   0.476783860000000   0.575394530000000 
H   0.553490410000000   0.491021540000000   0.615310090000000 
H   0.612636500000000   0.499257890000000   0.571011230000000 
H   0.609378140000000   0.465579060000000   0.598934030000000 
H   0.606865600000000   0.505224530000000   0.644533760000000 
H   0.597848740000000   0.538519290000000   0.618201730000000 
H   0.650728360000000   0.533687500000000   0.588893820000000 
H   0.662792970000000   0.501849710000000   0.616816620000000 
H   0.647048770000000   0.542273220000000   0.663573490000000 
H   0.640507260000000   0.572891910000000   0.632932500000000 
H   0.697794970000000   0.567041730000000   0.613325340000000 
H   0.704893990000000   0.534220240000000   0.641587600000000 
H   0.690388700000000   0.572763070000000   0.688656690000000 
H   0.685784870000000   0.605371470000000   0.659802220000000 
H   0.748811260000000   0.564509370000000   0.670615520000000 
H   0.742019490000000   0.605668810000000   0.684793730000000 
H   0.744489900000000   0.597221840000000   0.641567780000000 
H   0.583772120000000   0.460318600000000   0.487448490000000 
H   0.548762690000000   0.447024980000000   0.507464500000000 
H   0.615215930000000   0.428490720000000   0.530233390000000 
H   0.596042390000000   0.409470810000000   0.496257220000000 
H   0.546815110000000   0.399995540000000   0.540484220000000 
H   0.577579990000000   0.409500540000000   0.569343640000000 
H   0.576028860000000   0.353501310000000   0.519960260000000 
H   0.578080510000000   0.350572510000000   0.562859130000000 
H   0.633742760000000   0.373306700000000   0.514689890000000 
H   0.632451800000000   0.336339780000000   0.536747630000000 
H   0.645029330000000   0.406095990000000   0.563044970000000 
H   0.671185420000000   0.372082650000000   0.563976640000000 
H   0.636081840000000   0.344043390000000   0.605507750000000 
H   0.606293220000000   0.375861360000000   0.602596280000000 
H   0.675628190000000   0.382794360000000   0.630504220000000 
H   0.637142350000000   0.387611290000000   0.650936500000000 
H   0.649831380000000   0.417216540000000   0.621058680000000 
H   0.619353930000000   0.551892200000000   0.444036700000000 
H   0.565909360000000   0.583145220000000   0.442857250000000 
H   0.504979220000000   0.499897170000000   0.425403330000000 
H   0.556074800000000   0.477063860000000   0.430923960000000 
H   0.611313330000000   0.507997230000000   0.409703720000000 
H   0.655961560000000   0.477187750000000   0.428488240000000 
H   0.650730840000000   0.455573530000000   0.465452690000000 
H   0.656828810000000   0.530367190000000   0.460326030000000 
H   0.688265190000000   0.504206140000000   0.472725160000000 
H   0.622248050000000   0.505256740000000   0.509330310000000 
H   0.653243370000000   0.532669110000000   0.519536540000000 
H   0.650497920000000   0.457109800000000   0.520133700000000 
H   0.647997780000000   0.482448210000000   0.554553410000000 
H   0.707619610000000   0.471966940000000   0.511600020000000 
H   0.701288730000000   0.459000390000000   0.552913070000000 
H   0.696028270000000   0.517509670000000   0.571303620000000 
H   0.701410140000000   0.532104160000000   0.530731430000000 
H   0.756195220000000   0.507563610000000   0.526989890000000 
H   0.752337220000000   0.491442770000000   0.567730570000000 
H   0.747408800000000   0.565128840000000   0.549344980000000 
H   0.782616450000000   0.545643090000000   0.567339070000000 
H   0.745002810000000   0.548529770000000   0.589845310000000 
H   0.521407320000000   0.491120650000000   0.378185580000000 
H   0.546629270000000   0.477675880000000   0.348565450000000 
H   0.535667300000000   0.552365470000000   0.358511510000000 
H   0.516084910000000   0.527532540000000   0.328670860000000 
H   0.590207070000000   0.529034110000000   0.332087800000000 
H   0.568731620000000   0.563763540000000   0.317324820000000 
H   0.536646040000000   0.529405790000000   0.279084290000000 
H   0.556496030000000   0.494049460000000   0.294303190000000 
H   0.612450660000000   0.523238440000000   0.279691360000000 
H   0.588546920000000   0.554042970000000   0.260852330000000 
H   0.595420450000000   0.481823790000000   0.242422140000000 
H   0.605693590000000   0.516597820000000   0.218570430000000 
H   0.543420460000000   0.531308770000000   0.216498960000000 
H   0.535684640000000   0.492944350000000   0.235784000000000 
H   0.571204500000000   0.501331840000000   0.170530040000000 
H   0.531893540000000   0.482916520000000   0.177267290000000 
H   0.568335160000000   0.464379780000000   0.194002630000000 
H   0.587015610000000   0.548217560000000   0.379426970000000 
H   0.610849970000000   0.575349930000000   0.399727930000000 
H   0.564561410000000   0.620288070000000   0.416198150000000 
H   0.556610010000000   0.643483150000000   0.380351210000000 
H   0.622094420000000   0.623179720000000   0.413209870000000 
H   0.601922310000000   0.662807840000000   0.412622620000000 
H   0.609170000000000   0.669086690000000   0.355842880000000 
H   0.627297890000000   0.629171140000000   0.351449660000000 
H   0.672885220000000   0.644603140000000   0.389596040000000 
H   0.653937170000000   0.682893230000000   0.398826000000000 
H   0.655057150000000   0.698934780000000   0.339838490000000 
H   0.672984340000000   0.660357260000000   0.329307670000000 
H   0.721661540000000   0.673645920000000   0.365382570000000 
H   0.703709580000000   0.712478660000000   0.374947040000000 
H   0.701509250000000   0.726438820000000   0.314497610000000 
H   0.718938390000000   0.687539180000000   0.304742340000000 
H   0.751958110000000   0.740971360000000   0.347061400000000 
H   0.761933910000000   0.731042650000000   0.305292420000000 
H   0.769404600000000   0.701752080000000   0.337353220000000 
H   0.615996450000000   0.567217660000000   0.507043270000000 
H   0.604714840000000   0.602417880000000   0.525909550000000 
H   0.565245290000000   0.626061450000000   0.464602790000000 
H   0.600011890000000   0.648253000000000   0.452473750000000 
H   0.578638030000000   0.642715020000000   0.523558080000000 
H   0.573429610000000   0.677288350000000   0.497726580000000 
H   0.632144550000000   0.679057530000000   0.483855620000000 
H   0.640200010000000   0.640762480000000   0.502585630000000 
H   0.625003410000000   0.661967850000000   0.557279030000000 
H   0.618268630000000   0.701719870000000   0.539493080000000 
H   0.676044470000000   0.698558140000000   0.514437150000000 
H   0.682132530000000   0.660092130000000   0.534314390000000 
H   0.670932680000000   0.685831950000000   0.588792230000000 
H   0.663300930000000   0.724350000000000   0.569286650000000 
H   0.720940490000000   0.724042750000000   0.546267500000000 
H   0.728671360000000   0.685918670000000   0.566432180000000 
H   0.707299970000000   0.750218670000000   0.600685870000000 
H   0.748097640000000   0.733508100000000   0.600866750000000 
H   0.715184460000000   0.712082200000000   0.620964520000000 
H   0.480731060000000   0.622334770000000   0.507043270000000 
H   0.464746500000000   0.644818710000000   0.473855050000000 
H   0.519382920000000   0.616452370000000   0.425234840000000 
H   0.544146470000000   0.651417200000000   0.436868310000000 
H   0.472197370000000   0.657314470000000   0.426164030000000 
H   0.504419230000000   0.670494110000000   0.399316610000000 
H   0.530882580000000   0.703323030000000   0.443541130000000 
H   0.504042600000000   0.688062010000000   0.473879830000000 
H   0.455635480000000   0.710322940000000   0.444172980000000 
H   0.483275810000000   0.729251170000000   0.415546480000000 
H   0.512890970000000   0.755902840000000   0.464449160000000 
H   0.483531020000000   0.737861670000000   0.491440300000000 
H   0.437723160000000   0.764377060000000   0.460358250000000 
H   0.466495860000000   0.781736820000000   0.432266950000000 
H   0.493469650000000   0.812362940000000   0.478907370000000 
H   0.464117130000000   0.795488840000000   0.506778140000000 
H   0.447560190000000   0.836848980000000   0.445255800000000 
H   0.446212250000000   0.851329490000000   0.486871150000000 
H   0.418168030000000   0.820130980000000   0.473233110000000 
H   0.477041560000000   0.578382810000000   0.387963140000000 
H   0.441841330000000   0.561729240000000   0.371844780000000 
H   0.497572950000000   0.609281500000000   0.363088080000000 
H   0.462243880000000   0.613585510000000   0.337856220000000 
H   0.510928520000000   0.587679670000000   0.294895400000000 
H   0.535285710000000   0.609338490000000   0.324101720000000 
H   0.501554850000000   0.659205060000000   0.318918080000000 
H   0.472814360000000   0.638197920000000   0.293326920000000 
H   0.516887730000000   0.626336490000000   0.252269080000000 
H   0.545444860000000   0.649303600000000   0.276529630000000 
H   0.506406460000000   0.697861870000000   0.275147000000000 
H   0.478307730000000   0.674528030000000   0.251012820000000 
H   0.521219000000000   0.666666666666667   0.207675360000000 
H   0.549783560000000   0.689784110000000   0.231717860000000 
H   0.510985510000000   0.738334940000000   0.231115750000000 
H   0.482691040000000   0.715382690000000   0.206847760000000 
H   0.554149520000000   0.731592730000000   0.187339710000000 
H   0.518017630000000   0.751229630000000   0.171429490000000 
H   0.525693980000000   0.708642960000000   0.162925540000000 
H   0.597437420000000   0.421195960000000   0.441231780000000 
H   0.586492790000000   0.454788060000000   0.420678090000000 
H   0.633879040000000   0.429573540000000   0.396927970000000 
H   0.609858840000000   0.462402470000000   0.380636160000000 
H   0.619923830000000   0.397839820000000   0.345349210000000 
H   0.643416250000000   0.434234360000000   0.337095520000000 
H   0.594731610000000   0.465105790000000   0.321923700000000 
H   0.567906500000000   0.433005350000000   0.335353600000000 
H   0.596642030000000   0.394690480000000   0.294912740000000 
H   0.617104050000000   0.429945210000000   0.278700220000000 
H   0.560978450000000   0.454579920000000   0.266675260000000 
H   0.541673580000000   0.419352440000000   0.283006710000000 
H   0.573362700000000   0.385165660000000   0.240975080000000 
H   0.591423690000000   0.421882320000000   0.225894930000000 
H   0.531630890000000   0.442089120000000   0.212308930000000 
H   0.517950730000000   0.403045760000000   0.224266990000000 
H   0.571910690000000   0.414238180000000   0.171818510000000 
H   0.529133230000000   0.411938740000000   0.162390320000000 
H   0.549937190000000   0.377147360000000   0.179940880000000 
H   0.480319740000000   0.489205280000000   0.546983600000000 
H   0.511884970000000   0.472420380000000   0.568315340000000 
H   0.444403420000000   0.437542280000000   0.571083090000000 
H   0.458703050000000   0.465150390000000   0.596243100000000 
H   0.507556180000000   0.432383410000000   0.607485060000000 
H   0.491259410000000   0.400030230000000   0.583331060000000 
H   0.439484910000000   0.398057870000000   0.615656990000000 
H   0.450040510000000   0.433934540000000   0.637880750000000 
H   0.491009150000000   0.371069210000000   0.638195440000000 
H   0.461007440000000   0.380544480000000   0.668774480000000 
H   0.489723150000000   0.430765380000000   0.685244700000000 
H   0.516862950000000   0.429340620000000   0.651895430000000 
H   0.540174490000000   0.375459950000000   0.671965940000000 
H   0.516186500000000   0.380319000000000   0.708424910000000 
H   0.567458010000000   0.429633010000000   0.681143870000000 
H   0.572839880000000   0.403732130000000   0.716232590000000 
H   0.543172680000000   0.436335570000000   0.717052760000000 
H   0.406710490000000   0.507771750000000   0.487116460000000 
H   0.396370460000000   0.471518450000000   0.462248840000000 
H   0.395451180000000   0.527537500000000   0.415387890000000 
H   0.390478150000000   0.544319920000000   0.453573920000000 
H   0.350024900000000   0.488608120000000   0.436637870000000 
H   0.348253250000000   0.518037450000000   0.405803600000000 
H   0.339285940000000   0.565547590000000   0.437943690000000 
H   0.346290790000000   0.544909650000000   0.475884400000000 
H   0.290529440000000   0.528694650000000   0.428978860000000 
H   0.287370190000000   0.553091480000000   0.465209860000000 
H   0.311249150000000   0.505903460000000   0.498286570000000 
H   0.313590720000000   0.480983800000000   0.463007060000000 
H   0.252943060000000   0.491165250000000   0.452401900000000 
H   0.251416710000000   0.507987320000000   0.493122750000000 
H   0.275446820000000   0.438860490000000   0.472353480000000 
H   0.237885210000000   0.448224250000000   0.493358140000000 
H   0.276864140000000   0.454126470000000   0.513515390000000 
H   0.536894050000000   0.476382240000000   0.782482650000000 

K_POINTS gamma
